
mu1 =

    0.0355    0.0355


Cov1 =

    2.2196   -1.9762
   -1.9762    2.2166


mu2 =

   -0.9853   -0.9853


Cov2 =

    1.5050    3.0342
    3.0342    7.6511


mu3 =

    2.0016    2.0016


Cov3 =

    1.0089    0.1126
    0.1126    0.7451
